tree
version=v3
num_class=1
num_tree_per_iteration=1
label_index=0
max_feature_idx=10
objective=binary sigmoid:1
feature_names=Column_0 Column_1 Column_2 Column_3 Column_4 Column_5 Column_6 Column_7 Column_8 Column_9 Column_10
feature_infos=[0:2] [0:2] [0:4] [0:1] [0:2] [12:480] [0:1] [0:2] [2.8332133440562162:6.5510803350434044] [7.2737863178448947:11.302204433654575] [12.090196078431372:365.80833333333334]
tree_sizes=1432 1441 1552 1448 1543 1552 1556 1450 1455 1453 1352 1554 1444 1453 1563 1556 1450 1462 1355 1357

Tree=0
num_leaves=13
num_cat=0
split_feature=6 10 1 10 10 8 10 10 8 2 10 10
split_gain=101.419 7.61422 4.66601 5.25139 4.67864 1.42212 2.16435 1.59161 1.28348 1.82324 0.6716 0.532319
threshold=1.0000000180025095e-35 29.686933942667224 1.0000000180025095e-35 40.901227678571438 49.943708609271532 4.8402344967050359 36.205687830687843 44.197321428571435 4.7229433450037179 1.5000000000000002 37.532786885245905 35.92311276794036
decision_type=8 10 2 10 8 10 10 10 10 2 10 10
left_child=10 -2 3 11 -5 8 -7 -8 9 -4 -1 -3
right_child=1 2 5 4 -6 6 7 -9 -10 -11 -12 -13
leaf_value=0.66790912187679785 0.79191533545910975 0.85730042989341948 0.85391844225026559 0.78113218645195215 0.84546347314238068 0.88435633103865119 0.83611850728629744 0.868778690985336 0.904648256897575 0.89478412627170922 0.69421347021243984 0.88210167260988193
leaf_weight=4.2240586876869184 4.4352616220712653 4.2240586876869219 5.9136821627616865 4.8576674908399555 6.7584939002990732 7.392102703452113 8.0257115066051465 6.9696968346834174 4.4352616220712653 5.0688704252243042 5.7024792283773422 4.4352616220712662
leaf_count=20 21 20 28 23 32 35 38 33 21 24 27 21
internal_value=0 0.443038 0.539478 0.152446 -0.286956 0.747049 0.586095 0.367789 0.980762 0.797408 -2.99778 0.741888
internal_weight=0 62.5161 58.0808 20.2755 11.6162 37.8053 22.3875 14.9954 15.4178 10.9826 9.92654 8.65932
internal_count=343 296 275 96 55 179 106 71 73 52 47 41
shrinkage=1


Tree=1
num_leaves=13
num_cat=0
split_feature=6 10 1 10 10 9 9 8 9 9 9 10
split_gain=87.1764 6.89727 4.33625 4.7987 4.13351 1.3758 1.34378 1.96467 1.33682 2.06722 0.550534 0.515253
threshold=1.0000000180025095e-35 29.686933942667224 1.0000000180025095e-35 40.901227678571438 49.943708609271532 8.7140747781290582 8.9162377227177121 5.4701476784785621 8.5077484064862308 8.4225527328850038 8.3783906829386137 37.532786885245905
decision_type=8 10 2 10 8 2 2 8 2 2 2 10
left_child=11 -2 3 10 -5 8 -7 -8 9 -4 -3 -1
right_child=1 2 5 4 -6 6 7 -9 -10 -11 -12 -13
leaf_value=-0.14750777335939808 -0.038317776928987184 0.048163489485463895 0.051730805877906898 -0.048196870713826299 0.011987722499212233 0.007346312744211209 0.055038747099832155 0.01346599090616895 0.063400735705548911 0.010574857859861172 0.022751746754339282 -0.12509778378031178
leaf_weight=4.4813558459281904 4.5058604925870887 4.3753964602947253 7.8777922093868273 4.9549415558576557 6.7249279022216806 6.2673072218894985 6.2517799735069248 5.2105219662189493 6.6523693799972525 4.9798753559589386 4.1556755006313324 5.9978664815425873
leaf_count=20 21 21 38 23 32 30 30 25 32 24 20 27
internal_value=0 0.425034 0.518475 0.145552 -0.270887 0.72087 0.519241 0.722813 0.9041 0.715816 0.715697 -2.69362
internal_weight=0 61.9564 57.4506 20.2109 11.6799 37.2396 17.7296 11.4623 19.51 12.8577 8.53107 10.4792
internal_count=343 296 275 96 55 179 85 55 94 62 41 47
shrinkage=0.05


Tree=2
num_leaves=14
num_cat=0
split_feature=10 10 1 10 10 9 10 9 10 2 10 10 9
split_gain=7.97703 4.20385 5.7853 6.32236 4.10379 3.58168 2.65621 3.15514 4.54859 2.56355 2.63238 2.55805 1.8481
threshold=30.87412177985949 40.901227678571438 1.0000000180025095e-35 45.389553429027124 38.704896907216501 8.7344795423033954 45.590000000000011 8.8246751229904472 52.680044593088077 1.5000000000000002 35.618681318681325 63.850263557580639 8.4751193489617265
decision_type=8 8 2 8 8 2 8 2 10 2 8 8 2
left_child=-1 4 3 -3 9 -5 -4 8 -8 10 12 -9 -2
right_child=1 2 6 5 -6 -7 7 11 -10 -11 -12 -13 -14
leaf_value=-0.063939375860984776 0.012891707432511397 -0.08181273955717798 0.034018181752435886 0.020605408778834742 0.05420577663319627 -0.038603067037433235 -0.055503230196900857 0.041698018692877141 0.014297895062401578 -0.020029583955017666 -0.0053737529853922919 -0.010792620513127436 0.058985098548289566
leaf_weight=4.735950991511344 4.2102599442005193 4.4538550376892063 6.8159144222736385 4.8691553026437759 6.1712234616279593 5.3724681735038757 5.002310127019884 5.1583004742860767 4.3754121959209442 5.9281466752290717 6.4874050319194803 4.2198313921689996 4.4977883100509644
leaf_count=22 20 20 33 23 30 25 23 25 21 28 31 20 22
internal_value=0 0.0637573 -0.141612 -0.641619 0.366733 -0.209074 0.145729 -0.048558 -0.458715 0.157151 0.374741 0.361581 0.733987
internal_weight=0 67.5621 40.2672 14.6955 27.2948 10.2416 25.5718 18.7559 9.37772 21.1236 15.1955 9.37813 8.70805
internal_count=343 321 190 68 131 48 122 89 44 101 73 45 42
shrinkage=0.05


Tree=3
num_leaves=13
num_cat=0
split_feature=6 10 1 10 10 9 10 8 9 9 9 10
split_gain=73.7594 5.71861 4.15186 3.96439 3.29004 2.1927 1.94535 1.47608 4.25235 0.912325 2.4858 0.458848
threshold=1.0000000180025095e-35 30.982908950617286 1.0000000180025095e-35 40.440813189143348 49.943708609271532 9.3607343292202874 61.74940711462451 5.2230512493957635 8.742732835487887 8.5326683994272585 8.4225527328850038 37.532786885245905
decision_type=8 8 2 8 8 2 8 10 2 2 2 10
left_child=11 -2 3 -3 -5 6 7 8 9 10 -4 -1
right_child=1 2 5 4 -6 -7 -8 -9 -10 -11 -12 -13
leaf_value=-0.13222459762719457 -0.03251972075002027 0.035506551290922797 0.053019017948697393 -0.041606598826447246 0.010542148715157414 0.0012142682076858253 0.071068655806051081 0.059462483222851505 -0.0081951244893599257 0.055291675812413399 0.0040202606824178231 -0.11157496114921713
leaf_weight=4.7025414109230024 4.7339026182889929 7.3023911118507412 6.0553622990846723 5.1303832083940479 7.3683144599199304 4.3270642012357703 4.1513928472995749 4.8666044920682898 5.737441584467887 7.0524231791496268 4.5209571123123169 6.2865811735391617
leaf_count=20 22 36 30 23 35 21 20 24 28 35 22 27
internal_value=0 0.405371 0.49381 0.124743 -0.217271 0.692875 0.782209 0.688226 0.583875 0.827246 0.64148 -2.40823
internal_weight=0 61.2462 56.5123 19.8011 12.4987 36.7112 32.3842 28.2328 23.3662 17.6287 10.5763 10.9891
internal_count=343 296 274 94 58 180 159 139 115 87 52 47
shrinkage=0.05


Tree=4
num_leaves=14
num_cat=0
split_feature=6 10 8 8 8 9 9 9 9 8 8 10 10
split_gain=65.0561 5.54904 3.80116 4.88443 6.30084 1.65871 2.52782 3.45884 4.6112 1.47135 0.470279 0.393549 0.173203
threshold=1.0000000180025095e-35 29.686933942667224 5.4701476784785621 4.4367340276668159 4.1026092131977068 8.4225527328850038 8.5077484064862308 8.7140747781290582 9.035010266166811 5.003923783930186 4.6491756246494491 37.532786885245905 39.97616478861984
decision_type=8 10 10 10 10 2 2 2 2 8 10 10 10
left_child=11 -2 3 4 -3 10 -7 12 9 -9 -5 -1 -8
right_child=1 2 -4 5 -6 6 7 8 -10 -11 -12 -13 -14
leaf_value=-0.12204386306753452 -0.03309462516720274 0.04610274228720606 -0.011422477213721614 0.044918364955273175 -0.033819246405935942 0.0016610340667073894 0.055835476404919517 0.02702906606140152 0.061158125348790483 -0.010450093235581683 0.069127617856643273 -0.10317884855902332 0.069952355295943722
leaf_weight=4.8362946510314924 4.6393920034170142 4.0960132181644422 6.7362973988056174 4.0308490544557554 6.1972115933895111 5.7876546829938915 3.9385589361190814 4.5473817437887201 5.6828249096870413 6.1740143299102792 3.9933613240718842 6.4535766094923019 4.8464400470256805
leaf_count=20 21 20 33 20 30 28 20 22 28 30 20 27 24
internal_value=0 0.389111 0.476135 0.572419 -0.0403131 0.734133 0.629171 0.766101 0.494926 0.108927 1.13933 -2.2252 1.27247
internal_weight=0 60.67 56.0306 49.2943 10.2932 39.0011 30.9769 25.1892 16.4042 10.7214 8.02421 11.2899 8.785
internal_count=343 296 275 242 50 192 152 124 80 52 40 47 44
shrinkage=0.05


Tree=5
num_leaves=14
num_cat=0
split_feature=6 8 1 8 7 8 7 8 1 9 8 8 8
split_gain=59.5874 3.79951 4.49787 4.35996 5.53125 3.11177 2.62268 1.64225 1.45632 1.07488 0.899987 1.88513 0.400126
threshold=1.0000000180025095e-35 5.1149908003866509 1.0000000180025095e-35 4.7492611597348082 1.0000000180025095e-35 5.1957269410780187 1.5000000000000002 5.4701476784785621 1.0000000180025095e-35 8.4980090419354841 4.8402344967050359 4.9015572891946713 5.003923783930186
decision_type=8 8 2 10 2 10 2 8 2 2 10 10 8
left_child=9 3 -3 4 -2 -4 8 -7 -6 -1 -5 -12 -13
right_child=1 2 5 10 6 7 -8 -9 -10 -11 11 12 -14
leaf_value=-0.11702478104291003 -0.025666840892684645 -0.035875246031385921 -0.015221169929715847 0.070042734107416529 0.029008779380337059 0.057511977837074249 0.0091044762150876823 0.016510955480418091 0.068471760645232888 -0.086643536777207431 0.019182388548822902 0.069393914904670131 0.04778409196097004
leaf_weight=5.3814673870801908 5.7175878286361721 5.0826161503791818 4.5966162234544763 4.2320983707904842 4.6393406391143817 4.3611339479684803 7.4323400557041159 5.5506091564893731 4.7126634865999222 6.3425993025302887 4.9887197017669669 3.9949291795492146 4.6185127198696145
leaf_count=22 28 24 22 21 22 22 37 27 24 26 25 20 23
internal_value=0 0.453343 0.0920396 0.628825 0.336132 0.375642 0.625504 0.691025 0.977899 -2.01178 0.998122 0.872818 1.15614
internal_weight=0 59.9272 19.591 40.3362 22.5019 14.5084 16.7843 9.91174 9.352 11.7241 17.8343 13.6022 8.61344
internal_count=343 295 95 200 111 71 83 49 46 48 89 68 43
shrinkage=0.05


Tree=6
num_leaves=14
num_cat=0
split_feature=9 8 8 8 1 10 9 9 8 8 9 1 10
split_gain=5.36753 3.27577 6.32281 2.47278 3.30766 3.29787 4.62903 4.0879 3.06229 2.93454 1.91208 2.73883 1.39656
threshold=7.9813868510649604 4.1587609981435856 4.4367340276668159 5.0594204191876377 1.0000000180025095e-35 43.044127460794137 8.8246751229904472 8.4980090419354841 5.1873702005911486 5.3399361658330653 8.4081524985552658 1.0000000180025095e-35 47.754545454545458
decision_type=2 10 10 10 2 10 2 2 10 8 2 2 8
left_child=-1 -2 -3 5 -5 7 12 10 -6 -10 11 -4 -7
right_child=1 2 3 4 8 6 -8 -9 9 -11 -12 -13 -14
leaf_value=-0.049492001136934055 0.043413554428982058 -0.050124782747966834 0.0008887171211409803 -0.040177283203109274 -0.025441975810777409 -0.040962828395365559 0.040377171863247324 0.068815046303640617 0.055332281384428243 0.0020483316958849074 -0.0092969511712458382 0.057514855068089558 -0.0040811078601490575
leaf_weight=4.6551463752984992 5.389358013868331 5.1752928942441931 4.1333955079317111 5.2044962644577053 5.4811164587736156 4.3665641099214527 4.6910138428211203 5.0413487255573264 3.8872199654579136 7.707244649529458 4.7973271012306204 4.4174718707799911 6.2270000129938134
leaf_count=21 26 24 20 24 26 21 23 26 20 37 23 23 29
internal_value=0 0.120891 0.055 0.152809 -0.105634 0.323806 -0.0194575 0.609111 0.107083 0.398252 0.319359 0.602848 -0.385668
internal_weight=0 66.5188 61.1295 55.9542 22.2801 33.6741 15.2846 18.3895 17.0756 11.5945 13.3482 8.55087 10.5936
internal_count=343 322 296 272 107 165 73 92 83 57 66 43 50
shrinkage=0.05


Tree=7
num_leaves=13
num_cat=0
split_feature=6 8 7 8 1 9 9 8 7 1 9 8
split_gain=52.4471 3.50802 4.03153 3.99517 3.68108 3.02872 2.12273 2.01138 2.42473 1.28454 0.859334 0.792725
threshold=1.0000000180025095e-35 5.1149908003866509 1.0000000180025095e-35 4.7749040587885982 1.0000000180025095e-35 8.9843803561882414 9.3373676273879873 4.7317931335534196 1.5000000000000002 1.0000000180025095e-35 8.4980090419354841 4.8940944640863338
decision_type=8 8 2 10 2 2 2 10 2 2 2 8
left_child=10 2 3 -2 -3 -6 -7 8 9 -4 -1 -9
right_child=1 4 7 -5 5 6 -8 11 -10 -11 -12 -13
leaf_value=-0.10810779675794449 -0.024131008463661893 -0.031755998290615886 0.028627290567845073 0.034476521571951545 -0.012275013878300552 0.057647077937848047 0.0086227662807168062 0.067943997672856443 0.0072821435268278908 0.067364652058475916 -0.081128082021895406 0.042381253599770713
leaf_weight=5.4661082625389081 5.7718143761157972 5.209439992904664 4.615567088127138 5.8601483106613159 5.3783619850873956 4.8334027081727964 4.0651852339506149 6.340446695685384 7.2113899290561667 3.9901697188615799 6.4153056144714355 5.8136857748031625
leaf_count=22 28 24 22 30 26 25 20 33 36 21 26 30
internal_value=0 0.431758 0.602671 0.107906 0.0844017 0.346944 0.705021 0.808422 0.573356 0.931768 -1.8708 1.11433
internal_weight=0 59.0896 39.6032 11.632 19.4864 14.2769 8.89859 27.9713 15.8171 8.60574 11.8814 12.1541
internal_count=343 295 200 58 95 71 45 142 79 43 48 63
shrinkage=0.05


Tree=8
num_leaves=13
num_cat=0
split_feature=6 8 8 1 10 10 9 9 10 10 9 8
split_gain=47.2093 3.25013 3.72488 3.31486 2.84825 3.19317 2.78863 2.01583 1.64099 2.02914 0.78164 0.527396
threshold=1.0000000180025095e-35 5.1149908003866509 4.6101453514146771 1.0000000180025095e-35 62.605236957387497 41.823193111236598 8.9843803561882414 9.3373676273879873 40.901227678571438 47.754545454545458 8.4980090419354841 4.9015572891946713
decision_type=8 8 10 2 10 10 2 2 10 10 2 10
left_child=10 2 4 -3 5 -2 -5 -8 11 -10 -1 -4
right_child=1 3 8 6 -6 -7 7 -9 9 -11 -12 -13
leaf_value=-0.10216069844438883 0.026274584429770733 -0.029826037575116138 0.045349110534879701 -0.011602369810891459 0.044468407181433023 -0.028944271900666226 0.05635164741701925 0.0082228130597968695 0.0057795957863870538 0.046396995387296379 -0.076507315049285124 0.066701087947124857
leaf_weight=5.4942090511322004 4.7010139971971494 5.2676455229520807 6.7992175072431582 5.4049579501152047 4.1287683844566336 5.9089343994855881 4.7006735205650312 4.0501611828804016 5.5129062831401807 6.9529835432767868 6.4613179266452789 5.0326200872659683
leaf_count=22 24 24 36 26 21 28 25 20 28 36 26 27
internal_value=0 0.414964 0.581286 0.0806975 0.184666 -0.0895624 0.332704 0.681522 0.821871 0.568688 -1.76593 1.08862
internal_weight=0 58.4599 39.0364 19.4234 14.7387 10.6099 14.1558 8.75083 24.2977 12.4659 11.9555 11.8318
internal_count=343 295 200 95 73 52 71 45 127 64 48 63
shrinkage=0.05


Tree=9
num_leaves=13
num_cat=0
split_feature=6 8 7 10 1 8 8 7 8 1 8 9
split_gain=42.6552 3.01116 3.84973 4.34185 2.98746 2.69939 1.84824 2.32021 1.51481 1.25406 0.819162 0.72564
threshold=1.0000000180025095e-35 5.1149908003866509 1.0000000180025095e-35 40.901227678571438 1.0000000180025095e-35 5.1957269410780187 4.7317931335534196 1.5000000000000002 5.4701476784785621 1.0000000180025095e-35 4.8940944640863338 8.4980090419354841
decision_type=8 8 2 8 2 10 10 2 8 2 10 2
left_child=11 2 3 -2 -3 -6 7 9 -7 -4 -8 -1
right_child=1 4 6 -5 5 8 10 -9 -10 -11 -12 -13
leaf_value=-0.097101211761957532 0.038026134805755382 -0.028044341597406309 0.027105732064740103 -0.023982650901663748 -0.015573886545423774 0.054270787745548547 0.066189189797332168 0.0060294224270740901 0.013847411495838985 0.065986398193280796 0.03956417289968174 -0.072401726798187016
leaf_weight=5.4914101511239988 5.0994267910718891 5.3207716792821893 4.5371768623590487 6.323713257908822 4.5757380872964868 4.0616680681705448 6.0270086079835874 7.1161862462759009 5.3972103297710428 3.8200078159570694 5.5483242571353912 6.4856017380952835
leaf_count=22 27 24 22 31 22 22 33 36 27 21 30 26
internal_value=0 0.39889 0.560747 0.0739763 0.0771752 0.319076 0.766319 0.540229 0.624106 0.897556 1.06854 -1.67453
internal_weight=0 57.8272 38.4718 11.4231 19.3554 14.0346 27.0487 15.4734 9.45888 8.35718 11.5753 11.977
internal_count=343 295 200 58 95 71 142 79 49 43 63 48
shrinkage=0.05


Tree=10
num_leaves=12
num_cat=0
split_feature=9 8 10 8 10 10 10 8 10 10 9
split_gain=4.66195 2.82704 5.56664 2.47165 1.76984 3.08684 2.5604 2.20596 1.55831 1.8417 1.54249
threshold=8.1857665564482343 5.2496487501035594 36.291884454556644 4.2555875595453383 62.605236957387497 46.625445632798581 35.084785666238616 5.1873702005911486 40.901227678571438 39.042194570135756 8.6545158625986485
decision_type=2 10 10 10 10 8 10 8 10 10 2
left_child=3 4 -3 -1 5 6 -2 10 9 -8 -7
right_child=1 2 -4 -5 -6 7 8 -9 -10 -11 -12
leaf_value=-0.0035943846597517033 -0.010630712533025921 0.019273531385592457 -0.050333412237465097 -0.052954295138862496 0.031283093468000948 -0.0083497898055416419 0.022480175239023709 0.015754223109639996 0.0067586014035424941 0.065805802758058321 -0.045619967868291887
leaf_weight=4.258429601788519 6.6707336157560375 5.2229224443435651 6.3819835931062698 6.270916074514389 7.2389388531446448 6.3586710542440432 7.0877541899681109 4.8310468047857276 6.6709464937448493 3.7509114146232605 4.9273614436388016
leaf_count=20 33 25 31 29 37 30 37 23 33 21 24
internal_value=0 0.0623797 -0.38012 -0.659829 0.170406 0.0886246 0.314584 -0.250381 0.515433 0.749475 -0.492431
internal_weight=0 59.1413 11.6049 10.5293 47.5364 40.2974 24.1803 16.1171 17.5096 10.8387 11.286
internal_count=343 294 56 49 238 201 124 77 91 58 54
shrinkage=0.05


Tree=11
num_leaves=14
num_cat=0
split_feature=6 1 5 8 10 7 9 9 10 9 9 8 9
split_gain=37.8088 4.89578 3.26021 2.70596 3.02289 2.53885 2.94715 1.98781 2.79641 1.4719 1.31802 0.717304 0.431176
threshold=1.0000000180025095e-35 1.0000000180025095e-35 330.00000000000006 4.8402344967050359 52.13221153846154 1.0000000180025095e-35 8.3300145838835231 8.5598653338312563 42.363819320214681 8.9162377227177121 8.7819381696120971 4.8559213341406453 8.428360448847064
decision_type=8 2 10 10 10 2 2 2 8 2 2 10 2
left_child=11 5 -3 4 12 -2 -7 -5 9 -9 -8 -1 -4
right_child=1 2 3 7 -6 6 10 8 -10 -11 -12 -13 -14
leaf_value=-0.088288639595908242 -0.030374787952668431 0.066387125412471507 0.066875251141288769 -0.022957895387080235 0.0028286874342059189 -0.021221300666324112 0.045656379784459883 0.049308540698838894 -0.013090138436320495 0.010596386001608837 0.006921027115635402 -0.065125249309525388 0.044322344099925949
leaf_weight=7.2077864259481412 6.2212252467870739 4.5706870704889289 4.4172884374856967 3.8207781463861492 3.889414206147193 5.375197544693946 4.2791969329118711 5.7153734564781153 5.0044604539871225 4.3048368841409683 4.5112316906452179 6.2320545017719269 4.0737549811601639
leaf_count=29 29 25 24 20 21 26 22 31 27 22 21 25 21
internal_value=0 0.316167 0.538939 0.423478 0.786671 -0.0749916 0.158872 0.184879 0.348658 0.653544 0.515549 -1.55096 1.1211
internal_weight=0 56.1834 35.7966 31.2259 12.3805 20.3869 14.1656 18.8454 15.0247 10.0202 8.79043 13.4398 8.49104
internal_count=343 289 191 166 66 98 69 100 80 53 43 54 45
shrinkage=0.05


Tree=12
num_leaves=13
num_cat=0
split_feature=6 1 5 8 2 7 9 9 8 8 9 9
split_gain=34.3298 4.50799 3.12921 2.52944 2.8626 2.27085 2.6766 1.79862 1.87371 1.62554 1.2355 0.71106
threshold=1.0000000180025095e-35 1.0000000180025095e-35 330.00000000000006 4.8402344967050359 1.5000000000000002 1.0000000180025095e-35 8.3300145838835231 8.5598653338312563 5.4701476784785621 5.1676349844808334 8.7819381696120971 8.4980090419354841
decision_type=8 2 10 10 2 2 2 2 8 10 2 2
left_child=11 5 -3 4 -4 -2 -7 -5 9 -9 -8 -1
right_child=1 2 3 7 -6 6 10 8 -10 -11 -12 -13
leaf_value=-0.088601133558427678 -0.028542818668214866 0.065345703262606164 0.017441569110910438 -0.021574756729829558 0.066618502124122653 -0.019987651686006337 0.044323101585007851 0.012806606612728916 -0.010798779505887013 0.05331941040401738 0.0065921198289086227 -0.064913211162901913
leaf_weight=5.1555123627185813 6.2877205163240459 4.4152935147285453 7.0358161479234713 3.8613578528165844 5.107348158955574 5.4204069375991812 4.1898182183504087 6.5386772006750071 4.370841160416604 3.985029324889183 4.4997992068529129 8.217987194657324
leaf_count=21 29 25 38 20 28 26 22 36 22 22 21 33
internal_value=0 0.303255 0.519443 0.406918 0.762502 -0.0710289 0.151705 0.176702 0.334375 0.562953 0.495693 -1.4809
internal_weight=0 55.7121 35.3144 30.8991 12.1432 20.3977 14.11 18.7559 14.8945 10.5237 8.68962 13.3735
internal_count=343 289 191 166 66 98 69 100 80 58 43 54
shrinkage=0.05


Tree=13
num_leaves=13
num_cat=0
split_feature=6 1 5 8 2 7 9 9 8 8 9 9
split_gain=31.2522 4.15153 3.00665 2.36362 2.77034 2.03312 2.43152 1.62833 1.72256 1.54482 1.15828 0.686753
threshold=1.0000000180025095e-35 1.0000000180025095e-35 330.00000000000006 4.8402344967050359 1.0000000180025095e-35 1.0000000180025095e-35 8.3300145838835231 8.5598653338312563 5.4701476784785621 5.1676349844808334 8.7819381696120971 8.4980090419354841
decision_type=8 2 10 10 2 2 2 2 8 10 2 2
left_child=11 5 -3 4 -4 -2 -7 -5 9 -9 -8 -1
right_child=1 2 3 7 -6 6 10 8 -10 -11 -12 -13
leaf_value=-0.085335258373500714 -0.026848886261825834 0.064384940285869025 0.0095414437074589076 -0.020291998788057271 0.058168904590763029 -0.018838404691324688 0.043034908139366383 0.01224863103892293 -0.010208511714908809 0.052141250003144346 0.0062781886355093297 -0.061940148623087915
leaf_weight=5.0868793576955786 6.3485755175352123 4.2610305249691001 5.1952829807996768 3.899173945188525 6.7141574025154114 5.4624111205339423 4.1017361283302289 6.4958337843418086 4.391834408044816 3.8741505444049835 4.4888518005609512 8.1826710104942304
leaf_count=21 29 25 28 20 38 26 22 36 22 22 21 33
internal_value=0 0.290923 0.500745 0.391056 0.739121 -0.0673042 0.144875 0.168921 0.320738 0.543044 0.476567 -1.41817
internal_weight=0 55.233 34.8315 30.5704 11.9094 20.4016 14.053 18.661 14.7618 10.37 8.59059 13.2696
internal_count=343 289 191 166 66 98 69 100 80 58 43 54
shrinkage=0.05


Tree=14
num_leaves=14
num_cat=0
split_feature=6 1 5 8 10 7 9 10 9 9 2 9 9
split_gain=28.5085 3.82347 2.89159 2.20904 2.93765 1.82186 2.20934 1.51381 2.61827 1.08588 0.884173 0.669364 0.462192
threshold=1.0000000180025095e-35 1.0000000180025095e-35 330.00000000000006 4.8402344967050359 52.13221153846154 1.0000000180025095e-35 8.3300145838835231 36.205687830687843 8.6583452298779857 8.7819381696120971 1.0000000180025095e-35 8.4980090419354841 8.428360448847064
decision_type=8 2 10 10 10 2 2 10 2 2 2 2 2
left_child=11 5 -3 4 12 -2 -7 8 -5 -8 -9 -1 -4
right_child=1 2 3 7 -6 6 9 10 -10 -11 -12 -13 -14
leaf_value=-0.082451178578442641 -0.025278614994698717 0.063496846310898955 0.064745568269556228 -0.0027482052471047087 -0.00064265476457541968 -0.01776609031277104 0.041787615607064392 0.012032954234917306 0.054587503730095202 0.0059786005369580359 -0.017095121738721655 -0.059209282461668317 0.040589088947333235
leaf_weight=5.0036570578813544 6.4043065011501339 4.1084623634815207 4.0976810604333895 4.1879958361387279 3.748683750629425 5.5014649778604499 4.0151825249195081 4.6385780423879606 3.7958540767431259 4.4783736616373062 5.9434212744235992 8.1332958936691266 3.8317743390798569
leaf_count=21 29 25 24 22 21 26 22 26 20 21 32 33 21
internal_value=0 0.279128 0.482766 0.375833 0.716597 -0.0637984 0.138363 0.161489 0.490231 0.458134 -0.0865389 -1.36124 1.06145
internal_weight=0 54.7518 34.3525 30.244 11.6781 20.3993 13.995 18.5658 7.98385 8.49356 10.582 13.137 7.92946
internal_count=343 289 191 166 66 98 69 100 42 43 58 54 45
shrinkage=0.05


Tree=15
num_leaves=14
num_cat=0
split_feature=9 2 10 7 7 2 8 8 10 10 8 9 9
split_gain=6.48397 2.67963 2.61393 2.59973 2.3018 4.24309 2.0287 2.41895 1.92217 1.88302 1.62371 1.32444 1.21872
threshold=7.9147799404385291 1.5000000000000002 35.084785666238616 1.0000000180025095e-35 1.5000000000000002 1.0000000180025095e-35 4.7317931335534196 4.5162045817417615 42.608435374149664 42.608435374149664 4.7749040587885982 8.7032507556295435 8.8580568723853883
decision_type=2 2 10 2 2 2 10 8 8 10 10 2 2
left_child=-1 3 -3 10 5 8 7 -6 -5 -4 -2 -12 -11
right_child=1 2 9 4 6 -7 -8 -9 -10 12 11 -13 -14
leaf_value=-0.057033210354840269 -0.039432692063072573 -0.0074780287874959498 0.063631960107055893 0.016137624694661023 0.0041042685552540766 -0.024213022395692091 0.015498295736553933 -0.050354438124683799 0.054437366444423596 0.0013602000537492782 0.016404714058674604 -0.021333822706394921 0.041911924390475933
leaf_weight=4.3868814557790747 5.3898603022098532 4.8606556802988079 4.0620802342891675 7.056962415575982 4.0530902594327936 4.1215171813964835 5.7437938302755347 4.1034998148679742 6.1143603175878534 3.7722761332988739 4.087220683693884 5.3919351696968079 3.6411848217248917
leaf_count=20 25 24 25 37 20 22 30 20 33 20 21 26 20
internal_value=0 0.117091 0.465066 -0.00631977 0.157702 0.40125 -0.145284 -0.465867 0.678341 0.725401 -0.350417 -0.101235 0.425551
internal_weight=0 62.3984 16.3362 46.0622 31.1932 17.2928 13.9004 8.15659 13.1713 11.4755 14.869 9.47916 7.41346
internal_count=343 323 89 234 162 92 70 40 70 65 72 47 40
shrinkage=0.05


Tree=16
num_leaves=13
num_cat=0
split_feature=6 10 8 8 10 8 9 9 9 9 2 9
split_gain=29.2387 5.75601 3.26718 6.36353 1.72775 1.40073 2.70021 1.83082 1.49242 1.91994 1.63137 0.290346
threshold=1.0000000180025095e-35 28.315999574196301 4.4367340276668159 4.1026092131977068 33.169843430905381 5.272986409146923 8.962517173631035 8.7344795423033954 8.5051205896931901 8.428360448847064 1.0000000180025095e-35 8.5077484064862308
decision_type=8 10 10 10 10 10 2 2 2 2 2 2
left_child=11 -2 3 -3 -4 6 7 8 9 -6 -10 -1
right_child=1 2 4 -5 5 -7 -8 -9 10 -11 -12 -13
leaf_value=-0.062774426154850724 -0.034247520352928863 0.04462748192388212 0.057365401140908247 -0.036960981634664089 0.03795834785904368 0.0026751776403853736 0.065684477946907335 0.0002315218092479158 0.065866037380010331 -0.0051555649802778429 0.02078333727590212 -0.078672716979187374
leaf_weight=5.6284097433090192 5.0194659680128089 4.0265063941478711 4.5252627879381171 5.8798427879810333 5.6542567461729139 6.063261702656745 4.299817979335784 6.6185205578804007 4.7380903810262662 4.7527013719081879 3.4808454811573029 5.8636348992586136
leaf_count=24 23 21 24 28 34 32 25 35 27 25 21 24
internal_value=0 0.335929 0.438334 -0.0759754 0.565286 0.491318 0.581169 0.456401 0.616933 0.365377 0.935456 -1.41773
internal_weight=0 55.0586 50.0391 9.90635 40.1328 35.6075 29.5442 25.2444 18.6259 10.407 8.21894 11.492
internal_count=343 295 272 49 223 199 167 142 107 59 48 48
shrinkage=0.05


Tree=17
num_leaves=13
num_cat=0
split_feature=6 9 5 8 8 8 8 2 2 7 9 9
split_gain=26.778 4.08306 1.57659 1.75056 2.17219 1.46248 2.97627 2.13015 2.29517 1.61641 0.53017 0.314452
threshold=1.0000000180025095e-35 8.1857665564482343 330.00000000000006 4.4367340276668159 4.6867395546766826 4.7492611597348082 4.8402344967050359 1.0000000180025095e-35 1.5000000000000002 1.0000000180025095e-35 7.9929440337130222 8.4980090419354841
decision_type=8 2 10 10 10 10 10 2 2 2 2 2
left_child=11 10 -3 -4 -5 -6 -7 9 -9 -8 -2 -1
right_child=1 2 3 4 5 6 7 8 -10 -11 -12 -13
leaf_value=-0.078037712992269428 -0.025833163811453137 0.051384118482916533 -0.0058036696948386623 0.054971838187993977 -0.0097247754500415541 0.063521209152999511 0.0078360684689274731 -0.030072738473277155 0.018365677894078992 0.045592110131219311 -0.0024486038149272352 -0.061187139662057168
leaf_weight=4.8200945705175382 4.4728479087352735 4.2800836563110343 5.8580003827810279 4.79897766560316 3.9225215464830425 3.8625478744506863 4.7385477274656314 4.0397580415010435 6.1970415115356445 7.0558183044195175 5.2908919751644135 6.5051601678133011
leaf_count=21 21 27 29 28 22 24 24 21 34 39 26 27
internal_value=0 0.322685 0.450512 0.389476 0.475031 0.374531 0.460731 0.318773 -0.0149924 0.608462 -0.263225 -1.36718
internal_weight=0 54.517 44.7533 40.4732 34.6152 29.8162 25.8937 22.0312 10.2368 11.7944 9.76374 11.3253
internal_count=343 295 248 221 192 164 142 118 55 63 47 48
shrinkage=0.05


Tree=18
num_leaves=12
num_cat=0
split_feature=6 10 2 7 8 2 7 8 10 10 10
split_gain=24.5722 5.0056 3.23071 3.46918 4.4927 2.96942 3.97031 1.44135 0.714759 0.413809 0.200469
threshold=1.0000000180025095e-35 28.315999574196301 1.5000000000000002 1.0000000180025095e-35 4.7492611597348082 1.0000000180025095e-35 1.5000000000000002 4.8559213341406453 42.16919240669241 43.044127460794137 41.823193111236598
decision_type=8 10 2 2 8 2 2 10 10 10 8
left_child=10 -2 3 4 -3 6 8 -4 -5 -8 -1
right_child=1 2 7 5 -6 -7 9 -9 -10 -11 -12
leaf_value=-0.058729263891814071 -0.031723750661871747 -0.048782367917197138 0.062612049138939807 0.040133018404960072 0.014793677384097878 -0.0064930496446507814 -0.0050417826950710258 0.027555654291002308 0.065467504426517706 0.017866267792033572 -0.072205380386602763
leaf_weight=5.0529573261737797 5.0851904898881903 4.4667660444974873 5.2631084695458394 5.6565181463956886 7.3535247296094903 6.1869025453925124 4.0032786130905142 6.6201594695448875 5.4823699295520782 3.8839176893234253 6.0805712789297113
leaf_count=22 23 21 34 32 39 35 21 38 32 20 26
internal_value=0 0.3098 0.407964 0.262387 -0.184621 0.471952 0.667649 0.861643 1.05204 0.124778 -1.32178
internal_weight=0 54.0017 48.9165 37.0333 11.8203 25.213 19.0261 11.8833 11.1389 7.8872 11.1335
internal_count=343 295 272 200 60 140 105 72 64 41 48
shrinkage=0.05


Tree=19
num_leaves=12
num_cat=0
split_feature=6 10 2 7 10 2 7 10 10 10 9
split_gain=22.5698 4.54347 3.0518 3.1773 2.88015 2.75541 3.7717 0.708023 0.702093 0.376817 0.342222
threshold=1.0000000180025095e-35 28.315999574196301 1.5000000000000002 1.0000000180025095e-35 40.901227678571438 1.0000000180025095e-35 1.5000000000000002 42.16919240669241 43.704943839346505 43.044127460794137 8.4980090419354841
decision_type=8 10 2 2 10 2 2 10 10 10 2
left_child=10 -2 3 4 -3 6 7 -5 -4 -8 -1
right_child=1 2 8 5 -6 -7 9 -9 -10 -11 -12
leaf_value=-0.074322851014461289 -0.029835558917231317 0.023002055159609357 0.0303530671436371 0.038946848043818399 -0.027889033519821999 -0.0061472437391464794 -0.0047787162309088117 0.064522768064499372 0.055004695608511192 0.017114496146726634 -0.056409251828360443
leaf_weight=4.6086269915103895 5.1353237181901923 4.4572401046752912 6.11162520945072 5.5403438806533867 7.3890013992786407 6.2076453641057006 4.0122390091419211 5.2894017994403839 5.4764270335435867 3.8526127487421036 6.3254837542772293
leaf_count=21 23 24 39 32 36 35 21 32 33 20 27
internal_value=0 0.297593 0.392605 0.251505 -0.174817 0.454311 0.645992 1.02877 0.840065 0.118914 -1.27919
internal_weight=0 53.4719 48.3365 36.7485 11.8462 24.9022 18.6946 10.8297 11.5881 7.86485 10.9341
internal_count=343 295 272 200 60 140 105 64 72 41 48
shrinkage=0.05


end of trees

feature importances:
Column_9=60
Column_10=58
Column_8=57
Column_1=17
Column_7=17
Column_6=16
Column_2=14
Column_5=5

parameters:
[boosting: gbdt]
[objective: binary]
[metric: auc]
[tree_learner: serial]
[device_type: cpu]
[data: ]
[valid: ]
[num_iterations: 100]
[learning_rate: 0.05]
[num_leaves: 31]
[num_threads: 0]
[max_depth: -1]
[min_data_in_leaf: 20]
[min_sum_hessian_in_leaf: 0.001]
[bagging_fraction: 0.8]
[pos_bagging_fraction: 1]
[neg_bagging_fraction: 1]
[bagging_freq: 5]
[bagging_seed: 3]
[feature_fraction: 0.9]
[feature_fraction_bynode: 1]
[feature_fraction_seed: 2]
[early_stopping_round: 0]
[first_metric_only: 0]
[max_delta_step: 0]
[lambda_l1: 0]
[lambda_l2: 0]
[min_gain_to_split: 0]
[drop_rate: 0.1]
[max_drop: 50]
[skip_drop: 0.5]
[xgboost_dart_mode: 0]
[uniform_drop: 0]
[drop_seed: 4]
[top_rate: 0.2]
[other_rate: 0.1]
[min_data_per_group: 100]
[max_cat_threshold: 32]
[cat_l2: 10]
[cat_smooth: 10]
[max_cat_to_onehot: 4]
[top_k: 20]
[monotone_constraints: ]
[feature_contri: ]
[forcedsplits_filename: ]
[forcedbins_filename: ]
[refit_decay_rate: 0.9]
[cegb_tradeoff: 1]
[cegb_penalty_split: 0]
[cegb_penalty_feature_lazy: ]
[cegb_penalty_feature_coupled: ]
[verbosity: 0]
[max_bin: 255]
[max_bin_by_feature: ]
[min_data_in_bin: 3]
[bin_construct_sample_cnt: 200000]
[histogram_pool_size: -1]
[data_random_seed: 1]
[output_model: LightGBM_model.txt]
[snapshot_freq: -1]
[input_model: ]
[output_result: LightGBM_predict_result.txt]
[initscore_filename: ]
[valid_data_initscores: ]
[pre_partition: 0]
[enable_bundle: 1]
[max_conflict_rate: 0]
[is_enable_sparse: 1]
[sparse_threshold: 0.8]
[use_missing: 1]
[zero_as_missing: 0]
[two_round: 0]
[save_binary: 0]
[header: 0]
[label_column: ]
[weight_column: ]
[group_column: ]
[ignore_column: ]
[categorical_feature: ]
[predict_raw_score: 0]
[predict_leaf_index: 0]
[predict_contrib: 0]
[num_iteration_predict: -1]
[pred_early_stop: 0]
[pred_early_stop_freq: 10]
[pred_early_stop_margin: 10]
[convert_model_language: ]
[convert_model: gbdt_prediction.cpp]
[num_class: 1]
[is_unbalance: 0]
[scale_pos_weight: 1]
[sigmoid: 1]
[boost_from_average: 1]
[reg_sqrt: 0]
[alpha: 0.9]
[fair_c: 1]
[poisson_max_delta_step: 0.7]
[tweedie_variance_power: 1.5]
[max_position: 20]
[lambdamart_norm: 1]
[label_gain: ]
[metric_freq: 1]
[is_provide_training_metric: 0]
[eval_at: ]
[multi_error_top_k: 1]
[num_machines: 1]
[local_listen_port: 12400]
[time_out: 120]
[machine_list_filename: ]
[machines: ]
[gpu_platform_id: -1]
[gpu_device_id: -1]
[gpu_use_dp: 0]

end of parameters

pandas_categorical:null
