tree
version=v3
num_class=1
num_tree_per_iteration=1
label_index=0
max_feature_idx=10
objective=binary sigmoid:1
feature_names=Column_0 Column_1 Column_2 Column_3 Column_4 Column_5 Column_6 Column_7 Column_8 Column_9 Column_10
feature_infos=[0:2] [0:2] [0:4] [0:1] [0:2] [150:81000] [0:41667] [9:700] [12:480] [0:1] [0:2]
tree_sizes=1429 1451 1447 1449 1348 1450 1450 1351 1455 1463 1460 1453 1350 1352 1466 1444 1443 1447 1554 1548

Tree=0
num_leaves=13
num_cat=0
split_feature=9 5 7 6 10 7 1 5 6 2 7 5
split_gain=86.149 7.18449 5.42315 3.32686 4.09433 2.76186 2.29359 1.87069 3.09606 1.54399 1.39835 0.127303
threshold=1.0000000180025095e-35 2051.0000000000005 132.50000000000003 1457.5000000000002 1.0000000180025095e-35 135.50000000000003 1.0000000180025095e-35 6520.0000000000009 2059.0000000000005 1.0000000180025095e-35 136.50000000000003 3025.0000000000005
decision_type=8 2 8 2 2 10 2 2 2 2 10 2
left_child=10 -2 3 4 -3 -4 -7 8 -8 -6 -1 -5
right_child=1 2 5 11 9 6 7 -9 -10 -11 -12 -13
leaf_value=0.59912170019343014 0.71066372239728848 0.74007792295955355 0.72603932723665432 0.81978091803149766 0.7786521289078342 0.74339888108755126 0.73248716152413029 0.79760548795099706 0.78506181032970379 0.81159712835893205 0.6364640293660262 0.8083236124899057
leaf_weight=5.8914373666048032 4.5822290629148474 5.0186318308115068 4.8004304468631771 5.455034598708151 8.5098539739847165 7.2006456702947643 4.5822290629148501 6.7642429023981085 7.2006456702947617 6.1096387505531302 4.3640276789665222 4.3640276789665222
leaf_count=27 21 23 22 25 39 33 21 31 33 28 20 20
internal_value=0 0.498807 0.590973 0.897118 0.659485 0.295761 0.425592 0.611559 0.370931 0.927012 -2.62115 1.37238
internal_weight=0 64.5876 60.0054 29.4572 19.6381 30.5482 25.7478 18.5471 11.7829 14.6195 10.2555 9.81906
internal_count=343 296 275 135 90 140 118 85 54 67 47 45
shrinkage=1


Tree=1
num_leaves=13
num_cat=0
split_feature=9 5 7 6 10 7 1 5 6 2 6 6
split_gain=75.0816 6.53257 5.06328 3.17536 3.79924 2.50835 2.10952 1.75349 2.84082 1.47322 1.12021 0.130529
threshold=1.0000000180025095e-35 2051.0000000000005 132.50000000000003 1457.5000000000002 1.0000000180025095e-35 135.50000000000003 1.0000000180025095e-35 6520.0000000000009 2059.0000000000005 1.0000000180025095e-35 1405.5000000000002 2411.0000000000005
decision_type=8 2 8 2 2 10 2 2 2 2 2 2
left_child=10 -2 3 4 -3 -4 -7 8 -8 -6 -1 -5
right_child=1 2 5 11 9 6 7 -9 -10 -11 -12 -13
leaf_value=-0.13365104797518779 -0.033211712963966723 -0.005679652659252115 -0.01889142027639977 0.072138362922823426 0.031332104143127114 -0.0025346898291062569 -0.012839833402580143 0.049920514566989815 0.037587651032176636 0.063822314839337854 -0.10111216297737341 0.060388013925519228
leaf_weight=5.9295555651187879 4.6391822397708884 5.029327988624579 4.8344213664531734 5.3176063448190671 8.409597694873808 7.2074960768222835 4.6042939871549624 6.6372280567884436 7.0988597720861435 5.9629669189453116 4.7751638442277908 4.2542732357978821
leaf_count=26 21 23 22 25 39 33 21 31 33 28 21 20
internal_value=0 0.478591 0.567913 0.866995 0.63447 0.282696 0.407686 0.587823 0.354966 0.896236 -2.38272 1.33832
internal_weight=0 63.9953 59.3561 28.9738 19.4019 30.3823 25.5479 18.3404 11.7032 14.3726 10.7047 9.57188
internal_count=343 296 275 135 90 140 118 85 54 67 47 45
shrinkage=0.05


Tree=2
num_leaves=13
num_cat=0
split_feature=9 5 7 5 7 7 1 5 5 7 5 7
split_gain=66.0701 5.94441 4.73196 2.46011 3.39241 2.27879 1.94082 1.64493 2.78066 1.0481 1.03582 0.687684
threshold=1.0000000180025095e-35 2051.0000000000005 132.50000000000003 3378.5000000000005 113.50000000000001 135.50000000000003 1.0000000180025095e-35 6520.0000000000009 3683.5000000000005 136.50000000000003 4194.0000000000009 96.500000000000014
decision_type=8 2 8 2 8 10 2 2 2 10 2 10
left_child=9 -2 3 11 10 -4 -7 8 -8 -1 -5 -3
right_child=1 2 5 4 -6 6 7 -9 -10 -11 -12 -13
leaf_value=-0.12267573169036401 -0.03119415242744283 0.047146089362942706 -0.017827630999025797 0.025388137984224762 0.056977085135895215 -0.0024057334613919066 0.049056055700509762 0.048380105866276883 -0.0016640133360819442 -0.091510222059172031 -0.0073378278971814974 0.070945470121285811
leaf_weight=6.3808561563491804 4.6908879876136771 6.1113849431276339 4.8659142553806332 5.3262925148010272 6.5862697213888159 7.2139830887317684 4.2737915515899676 6.5094057470560065 7.3488821685314178 4.6736459136009216 4.4280403554439545 6.0302452743053436
leaf_count=27 21 29 22 25 31 33 20 31 34 20 21 29
internal_value=0 0.459372 0.545947 0.838379 0.585044 0.270257 0.390591 0.565134 0.339727 -2.18999 0.21064 1.17933
internal_weight=0 63.3851 58.6942 28.4822 16.3406 30.212 25.3461 18.1321 11.6227 11.0545 9.75433 12.1416
internal_count=343 296 275 135 77 140 118 85 54 47 46 58
shrinkage=0.05


Tree=3
num_leaves=13
num_cat=0
split_feature=9 5 5 8 5 6 2 5 10 10 6 5
split_gain=58.5822 5.41113 4.17587 4.73632 3.19637 3.81898 2.75168 2.92161 2.18385 2.42433 0.881076 0.21125
threshold=1.0000000180025095e-35 2051.0000000000005 3378.5000000000005 330.00000000000006 2952.0000000000005 1847.0000000000002 1.0000000180025095e-35 4752.5000000000009 1.0000000180025095e-35 1.5000000000000002 1405.5000000000002 7763.5000000000009
decision_type=8 2 2 10 2 2 2 2 2 2 2 2
left_child=10 -2 4 -4 5 -3 8 -8 -5 -10 -1 -9
right_child=1 2 3 6 -6 -7 7 11 9 -11 -12 -13
leaf_value=-0.11401586100699744 -0.029332918150936346 0.00034094576989176015 0.056236812834685616 -0.026644830665663782 0.071150995685836646 0.060552161200741486 -0.00098574688640408448 0.051133407400818336 0.02626899105103507 -0.020726674446192209 -0.085940157240628548 0.035687130556523609
leaf_weight=6.2880937159061414 4.7378513664007178 5.6353180259466189 6.5109204202890387 6.4992835074663189 7.4992107003927222 4.943850502371788 6.1519141346216193 4.6898304820060712 7.6375935375690442 4.2831511646509171 5.0295539349317551 4.1922280490398407
leaf_count=26 21 27 31 30 36 24 29 22 36 20 21 20
internal_value=0 0.44092 0.524797 0.344396 0.923599 0.569576 0.192524 0.50998 -0.0665753 0.187667 -2.03078 0.876859
internal_weight=0 62.7812 58.0433 39.9649 18.0784 10.5792 33.454 15.034 18.42 11.9207 11.3176 8.88206
internal_count=343 296 275 188 87 51 157 71 86 56 47 42
shrinkage=0.05


Tree=4
num_leaves=12
num_cat=0
split_feature=9 7 10 7 1 6 6 2 7 7 7
split_gain=52.2541 4.71414 3.9471 3.31556 1.98255 1.3489 1.49578 1.35265 1.0273 2.1204 0.876739
threshold=1.0000000180025095e-35 132.50000000000003 1.0000000180025095e-35 135.50000000000003 1.0000000180025095e-35 745.00000000000011 2370.0000000000005 1.0000000180025095e-35 174.00000000000003 200.50000000000003 136.50000000000003
decision_type=8 8 2 10 2 2 2 2 10 8 10
left_child=10 2 -2 -3 -5 7 -7 -4 -6 -10 -1
right_child=1 3 5 4 8 6 -8 -9 9 -11 -12
leaf_value=-0.10663135775415765 0.0046127511317812396 -0.028713814453903027 0.021797119386960814 -0.0069978923463751277 0.0090668859350929026 0.071190016343471926 0.033266224335350592 0.057202126042453262 0.059515724049363519 0.014542280159161512 -0.078691855437081959
leaf_weight=6.6451688110828382 8.0891190916299838 5.3137759119272259 8.119030028581621 7.4247551262378719 7.1658560931682613 7.2343901097774488 4.0588118433952332 4.040121763944625 4.5321146249771092 6.2148297727108011 4.862397313117981
leaf_count=27 38 24 39 34 34 35 20 20 22 30 20
internal_value=0 0.423191 0.694594 0.143906 0.294523 0.902351 1.1512 0.671223 0.474612 0.670162 -1.89652
internal_weight=0 62.1928 31.5415 30.6513 25.3376 23.4524 11.2932 12.1592 17.9128 10.7469 11.5076
internal_count=343 296 152 144 120 114 55 59 86 52 47
shrinkage=0.05


Tree=5
num_leaves=13
num_cat=0
split_feature=9 1 7 7 6 5 8 5 5 5 6 6
split_gain=61.5543 5.91984 4.08839 3.72216 3.07302 2.01991 1.90199 2.39417 7.87978 2.7917 0.50983 0.148461
threshold=1.0000000180025095e-35 1.0000000180025095e-35 251.50000000000003 156.00000000000003 1457.5000000000002 4115.0000000000009 330.00000000000006 4163.0000000000009 5179.0000000000009 2487.0000000000005 1721.5000000000002 2149.5000000000005
decision_type=8 2 8 8 2 2 10 2 2 2 2 2
left_child=10 3 6 4 5 -2 -3 9 -9 -8 -1 -11
right_child=1 2 -4 -5 -6 -7 7 8 -10 11 -12 -13
leaf_value=-0.10304940052788408 -0.015879193153372256 0.069677833820189203 -0.0027047258033149973 -0.030789359740179996 0.044856860927290562 0.026737633788766819 0.016759673744714456 -0.034342202742515114 0.054292091660420497 0.069334793708767328 -0.082916747525783596 0.056902989462645062
leaf_weight=8.6879525780677778 7.4725270718336159 5.2400989234447506 6.0623694360256186 6.1732535660266867 5.6135933995246878 4.4280045628547668 4.4531721919775036 4.2282400131225568 6.1618200540542603 5.9931347966194135 4.9284080266952506 4.0072591751813889
leaf_count=35 36 26 29 28 27 21 21 20 30 30 20 20
internal_value=0 0.440462 0.695093 0.0519047 0.287248 -0.000442562 0.846066 0.730588 0.364446 0.993791 -1.91525 1.28706
internal_weight=0 59.8335 36.1461 23.6874 17.5141 11.9005 30.0837 24.8436 10.3901 14.4536 13.6164 10.0004
internal_count=343 288 176 112 84 57 147 121 50 71 55 50
shrinkage=0.05


Tree=6
num_leaves=13
num_cat=0
split_feature=9 1 7 7 10 8 5 7 5 5 7 5
split_gain=55.3698 5.49178 3.82054 3.34522 2.60725 1.83743 2.26426 7.60412 2.68354 0.764504 0.296421 0.101646
threshold=1.0000000180025095e-35 1.0000000180025095e-35 251.50000000000003 156.00000000000003 1.0000000180025095e-35 330.00000000000006 4163.0000000000009 156.00000000000003 2487.0000000000005 3166.5000000000005 136.50000000000003 3279.5000000000005
decision_type=8 2 8 8 2 10 2 10 2 2 10 2
left_child=10 3 5 4 -2 -3 8 -8 -7 -6 -1 -10
right_child=1 2 -4 -5 9 6 7 -9 11 -11 -12 -13
leaf_value=-0.09635446720391154 -0.016456568129677704 0.068359234945517558 -0.00256664224978602 -0.028941091815694438 0.041253395486829943 0.016025948050422588 -0.02519282503620944 0.060716436843104932 0.067445645144347741 0.015892278661147018 -0.08133549044782945 0.057112502367551589
leaf_weight=8.2427327781915647 5.0696476995945039 5.0782220959663418 6.0689202249050131 6.2374070286750785 4.9837292581796628 4.4249379634857204 5.1856011897325498 5.1179657578468323 5.5373600870370847 7.3598819822072983 5.4623269885778418 4.173807680606842
leaf_count=33 24 26 29 28 24 21 25 25 29 36 22 21
internal_value=0 0.423059 0.671278 0.049567 0.274655 0.819848 0.706119 0.349597 0.965982 0.522636 -1.80737 1.26009
internal_weight=0 59.2375 35.5868 23.6507 17.4133 29.5179 24.4397 10.3036 14.1361 12.3436 13.7051 9.71117
internal_count=343 288 176 112 84 147 121 50 71 60 55 50
shrinkage=0.05


Tree=7
num_leaves=12
num_cat=0
split_feature=9 1 7 7 6 5 8 4 6 7 6
split_gain=50.005 5.09514 3.57143 3.00845 2.87613 1.91196 1.78048 2.26433 1.98846 2.39752 0.475363
threshold=1.0000000180025095e-35 1.0000000180025095e-35 251.50000000000003 156.00000000000003 1457.5000000000002 4115.0000000000009 330.00000000000006 1.0000000180025095e-35 1923.0000000000002 125.50000000000001 1721.5000000000002
decision_type=8 2 8 8 2 2 10 2 2 8 2
left_child=10 3 6 4 5 -2 -3 8 9 -8 -1
right_child=1 2 -4 -5 -6 -7 7 -9 -10 -11 -12
leaf_value=-0.092710723639840009 -0.016136146654054783 0.067151348035987088 -0.0024357565524847206 -0.027231866175414315 0.043062467806793327 0.025512536581859469 0.047875396929287849 0.0017535849144820301 0.061828502917813971 0.0030088267624267247 -0.073369529577821627
leaf_weight=8.7403416186571103 7.4574155956506782 4.9152213037014034 6.0751260519027701 6.2958947718143454 5.4832917153835288 4.3705831319093704 7.0788713991642043 4.4109320640563956 7.4128581136465064 5.1391836702823648 4.9909276366233817
leaf_count=35 36 26 29 28 27 21 36 22 38 25 20
internal_value=0 0.406396 0.648371 0.0473126 0.262597 -0.0149295 0.794619 0.6825 0.827972 0.580071 -1.71361
internal_weight=0 58.6394 35.0322 23.6072 17.3113 11.828 28.9571 24.0418 19.6309 12.2181 13.7313
internal_count=343 288 176 112 84 57 147 121 99 61 55
shrinkage=0.05


Tree=8
num_leaves=13
num_cat=0
split_feature=9 1 5 5 10 5 10 5 5 5 6 2
split_gain=45.3069 4.72216 2.55068 4.28319 2.0316 1.85319 1.62722 2.42136 1.13386 0.559698 0.447942 0.228284
threshold=1.0000000180025095e-35 1.0000000180025095e-35 3967.5000000000005 4752.5000000000009 1.5000000000000002 2487.0000000000005 1.0000000180025095e-35 3996.0000000000005 3166.5000000000005 6403.0000000000009 1721.5000000000002 1.0000000180025095e-35
decision_type=8 2 2 2 2 2 2 2 2 2 2 2
left_child=10 6 5 -4 9 -3 -2 8 -8 -5 -1 -7
right_child=1 2 3 4 -6 11 7 -9 -10 -11 -12 -13
leaf_value=-0.088408182580305542 -0.016483496067947002 0.020597324332032915 -0.021877643831487267 0.032485361549379269 0.058711540859582648 0.066043982515792604 0.011174523877042097 0.037492667494223746 -0.022725703369888099 0.0073137332944204882 -0.069626644890503769 0.051392488717899247
leaf_weight=8.7081032395362836 7.7641260772943523 4.9308169037103644 4.8108307570219067 4.0240167528390867 4.9132679104804984 4.5728397369384748 5.7955335974693281 5.7092029303312293 4.2941894233226776 4.8943922370672226 4.9960668683052054 6.3509787917137146
leaf_count=35 36 24 23 20 25 25 28 27 21 25 20 34
internal_value=0 0.390265 0.625963 0.3752 0.657886 0.920819 0.0451955 0.229417 -0.0650685 0.373425 -1.63122 1.15052
internal_weight=0 58.0602 34.4971 18.6425 13.8317 15.8546 23.5631 15.7989 10.0897 8.91841 13.7042 10.9238
internal_count=343 288 176 93 70 83 112 76 49 45 55 59
shrinkage=0.05


Tree=9
num_leaves=13
num_cat=0
split_feature=9 1 7 7 6 0 8 4 10 10 6 6
split_gain=41.1625 4.37953 3.41474 2.8155 3.19617 1.84988 1.76131 2.13924 1.93093 1.36354 0.427799 0.130714
threshold=1.0000000180025095e-35 1.0000000180025095e-35 251.50000000000003 145.50000000000003 1457.5000000000002 1.0000000180025095e-35 330.00000000000006 1.0000000180025095e-35 1.0000000180025095e-35 1.5000000000000002 1721.5000000000002 954.39999390000003
decision_type=8 2 8 8 2 2 10 2 2 2 2 2
left_child=10 3 6 4 5 -2 -3 8 -8 11 -1 -10
right_child=1 2 -4 -5 -6 -7 7 -9 9 -11 -12 -13
leaf_value=-0.084635297987627367 0.021631206029216383 0.065583550539102128 -0.0040150937844147666 -0.022883035556758399 0.048400475731404762 -0.019199362333038664 0.013440693541693392 0.00031424972391262299 0.054309087113598248 0.02861253686240502 -0.066246935482431865 0.066727507824264842
leaf_weight=8.6430345922708494 5.1137763410806674 4.6696211248636272 5.9993520230054846 7.6023284792900077 4.7616168707609168 6.0629953742027283 5.2583124637603822 4.349262759089469 3.7953143864870054 5.1029963940381995 4.9885478168725959 4.7975772619247437
leaf_count=35 25 26 29 34 24 29 26 22 20 27 20 26
internal_value=0 0.374584 0.604293 0.0430842 0.281931 -0.0103581 0.751117 0.638791 0.783927 0.981696 -1.55812 1.22485
internal_weight=0 57.5132 33.9724 23.5407 15.9384 11.1768 27.9731 23.3035 18.9542 13.6959 13.6316 8.59289
internal_count=343 288 176 112 78 54 147 121 99 73 55 46
shrinkage=0.05


Tree=10
num_leaves=13
num_cat=0
split_feature=9 7 7 2 7 5 1 7 7 1 7 7
split_gain=26.9539 5.21346 4.11212 2.46664 3.12824 2.99189 2.05758 1.14233 0.88436 0.877789 0.872998 1.27382
threshold=1.0000000180025095e-35 132.50000000000003 135.50000000000003 1.5000000000000002 112.50000000000001 3378.5000000000005 1.0000000180025095e-35 74.500000000000014 133.50000000000003 1.0000000180025095e-35 251.50000000000003 174.00000000000003
decision_type=8 8 10 2 10 2 2 10 8 2 10 10
left_child=8 3 -3 4 5 7 -4 -2 -1 -6 11 -8
right_child=1 2 6 -5 9 -7 10 -9 -10 -11 -12 -13
leaf_value=-0.079832328692201054 0.010329340434226871 -0.042629866273878159 -0.013212961982887586 0.058326834730027012 0.033179797490130759 -0.013670718405861385 0.0091133515990711352 0.046217072930973935 -0.051887002143246923 0.066760720186747655 -0.00078949652023107327 0.041662388051077345
leaf_weight=6.6011300384998295 4.1146791726350873 4.6585046201944378 7.3363992422819164 6.1912344992160788 4.1639718115329734 7.1911888271570197 5.9465400576591509 4.8088122457265854 4.9570235759019861 3.653409868478775 4.2532857805490485 6.0783962160348892
leaf_count=27 20 21 33 34 21 36 31 26 20 20 21 33
internal_value=0 0.314461 0.00604706 0.603932 0.458386 0.206572 0.175434 0.59338 -1.35694 0.977473 0.373598 0.511326
internal_weight=0 58.3964 28.2731 30.1233 23.9321 16.1147 23.6146 8.92349 11.5582 7.81738 16.2782 12.0249
internal_count=343 296 139 157 123 82 118 46 47 41 85 64
shrinkage=0.05


Tree=11
num_leaves=13
num_cat=0
split_feature=9 7 6 10 7 2 1 6 5 6 7 7
split_gain=24.578 4.8163 4.2069 4.61704 3.67215 2.16696 1.872 1.06622 1.01512 0.870043 0.849561 0.749815
threshold=1.0000000180025095e-35 132.50000000000003 1438.5000000000002 1.0000000180025095e-35 135.50000000000003 1.0000000180025095e-35 1.0000000180025095e-35 2411.0000000000005 3762.5000000000005 1.0000000180025095e-35 131.50000000000003 186.00000000000003
decision_type=8 8 2 2 10 2 2 2 2 2 10 8
left_child=10 2 3 -2 -3 8 -6 -4 -5 -8 -1 -11
right_child=1 4 7 5 6 -7 9 -9 -10 11 -12 -13
leaf_value=-0.076944833260647896 -0.030319979387982976 -0.039937701846627184 0.065676621666460086 -0.0016325322688439177 -0.01249709921410865 0.055083491164815618 0.0031559510903829712 0.034458218268867462 0.032105159966785118 0.039352090908422753 -0.049436036725700995 0.011753077846157062
leaf_weight=6.5173681974410993 4.4000174999237123 4.7221911847591427 6.7663732022047025 4.8666467815637571 7.3679763227701214 4.9286522716283789 6.1621472835540798 4.5906501561403275 4.1146647781133652 5.5246550589799854 4.9295630306005478 4.4378110915422448
leaf_count=27 21 21 38 24 33 28 32 25 21 30 20 23
internal_value=0 0.301703 0.583014 0.28644 0.00591201 0.568865 0.167656 1.06116 0.276479 0.358473 -1.30197 0.541161
internal_weight=0 57.8818 29.667 18.31 28.2148 13.91 23.4926 11.357 8.98131 16.1246 11.4469 9.96247
internal_count=343 296 157 94 139 73 118 63 45 85 47 53
shrinkage=0.05


Tree=12
num_leaves=12
num_cat=0
split_feature=9 7 6 7 2 5 1 6 7 6 5
split_gain=22.4467 4.45433 3.99583 3.2837 2.69425 2.84341 1.70249 1.05052 0.810458 0.805366 0.716833
threshold=1.0000000180025095e-35 132.50000000000003 1438.5000000000002 135.50000000000003 1.0000000180025095e-35 3683.5000000000005 1.0000000180025095e-35 2411.0000000000005 131.50000000000003 1.0000000180025095e-35 4166.5000000000009
decision_type=8 8 2 10 2 2 2 2 10 2 2
left_child=8 2 4 -3 5 -2 -5 -4 -1 -8 -11
right_child=1 3 7 6 -6 -7 9 -9 -10 10 -12
leaf_value=-0.074266582257809091 -0.022800150032842033 -0.037476875291563433 0.06469267223646645 -0.011823711722462554 0.04104460349639083 0.025691474459327943 0.0030027416490420837 0.033321384556642922 -0.047261289070401613 0.01159400854465158 0.038667093006802586
leaf_weight=6.4173013716936094 6.3867493122816139 4.7791204005479839 6.5317695736885053 7.3974387645721444 6.0315877050161353 5.7399582862854004 6.1529726833105096 4.5119391083717346 4.899344265460968 4.5726578980684263 5.2547716200351715
leaf_count=27 31 21 38 33 34 29 32 25 20 25 28
internal_value=0 0.289552 0.563191 0.00575792 0.27471 0.00304971 0.160163 1.03752 -1.2515 0.343769 0.521402
internal_weight=0 57.359 29.202 28.157 18.1583 12.1267 23.3778 11.0437 11.3166 15.9804 9.82743
internal_count=343 296 157 139 94 60 118 63 47 85 53
shrinkage=0.05


Tree=13
num_leaves=12
num_cat=0
split_feature=9 7 6 7 2 5 1 6 7 7 7
split_gain=20.525 4.11633 3.80068 2.93984 2.50482 2.57142 1.54784 1.03743 0.788083 0.787164 1.23842
threshold=1.0000000180025095e-35 132.50000000000003 1438.5000000000002 135.50000000000003 1.0000000180025095e-35 3683.5000000000005 1.0000000180025095e-35 2411.0000000000005 133.50000000000003 251.50000000000003 174.00000000000003
decision_type=8 8 2 10 2 2 2 2 8 10 10
left_child=8 2 4 -3 5 -2 -5 -4 -1 10 -8
right_child=1 3 7 6 -6 -7 9 -9 -10 -11 -12
leaf_value=-0.071905291056534176 -0.021456249697956831 -0.035218073875935577 0.063783485871996684 -0.011189817517029015 0.039871690372343109 0.024699610874915762 0.006819887368022394 0.0322165673318087 -0.045118692540484132 -0.0020615449361033873 0.039440800753746619
leaf_weight=6.3082128763198826 6.4458665996789986 4.8299946635961559 6.2995176762342435 7.4249453097581872 5.901903584599494 5.6736563444137573 5.8027487099170667 4.4353150576353073 4.8623341470956811 4.2064197361469278 5.8352476954460144
leaf_count=27 31 21 38 33 34 29 31 25 20 21 33
internal_value=0 0.277795 0.543776 0.00559608 0.263189 0.00302484 0.152961 1.01482 -1.20491 0.329516 0.463518
internal_weight=0 56.8556 28.7563 28.0994 18.0214 12.1195 23.2694 10.7348 11.1705 15.8444 11.638
internal_count=343 296 157 139 94 60 118 63 47 85 64
shrinkage=0.05


Tree=14
num_leaves=13
num_cat=0
split_feature=9 7 6 10 7 2 1 6 7 6 7 5
split_gain=18.7895 3.80306 3.61576 4.25983 2.63512 1.84171 1.40788 1.0265 0.760384 0.749433 0.769733 0.715672
threshold=1.0000000180025095e-35 132.50000000000003 1438.5000000000002 1.0000000180025095e-35 135.50000000000003 1.0000000180025095e-35 1.0000000180025095e-35 2411.0000000000005 131.50000000000003 1.0000000180025095e-35 186.00000000000003 3762.5000000000005
decision_type=8 8 2 2 10 2 2 2 10 2 10 2
left_child=8 2 3 -2 -3 11 -6 -4 -1 -8 -11 -5
right_child=1 4 7 5 6 -7 9 -9 -10 10 -12 -13
leaf_value=-0.069684833686154371 -0.030107101702435642 -0.033137014761671128 0.062941825977682817 0.00067118660914516199 -0.010592697114411794 0.052364019547465959 0.0020796156277444614 0.031142124278880242 -0.043203664584304691 0.037203154146292869 0.0087420611481019584 0.029183137727823563
leaf_weight=6.1869075894355756 4.4007062613964143 4.8754421025514629 6.0703737735748273 4.9604750722646695 7.4506410062313089 4.5679755955934516 6.0926546752452859 4.360846608877182 4.8248089551925659 5.3202218115329725 4.2922066748142242 3.9562243074178696
leaf_count=27 21 21 38 24 33 28 32 25 20 30 23 21
internal_value=0 0.266565 0.525046 0.252149 0.00545262 0.530946 0.146141 0.992955 -1.16164 0.315977 0.48989 0.266431
internal_weight=0 56.3478 28.3166 17.8854 28.0312 13.4847 23.1557 10.4312 11.0117 15.7051 9.61243 8.9167
internal_count=343 296 157 94 139 73 118 63 47 85 53 45
shrinkage=0.05


Tree=15
num_leaves=13
num_cat=0
split_feature=9 5 5 7 7 5 5 5 7 5 7 7
split_gain=20.2864 3.46898 3.6676 3.03767 3.19906 2.50356 2.92649 1.69018 1.3532 1.1278 1.29049 0.798771
threshold=1.0000000180025095e-35 2051.0000000000005 3403.0000000000005 107.50000000000001 132.50000000000003 2952.0000000000005 2591.5000000000005 4337.5000000000009 158.50000000000003 6129.0000000000009 259.50000000000006 136.50000000000003
decision_type=8 2 2 8 10 2 2 2 10 2 8 10
left_child=11 -2 5 -4 7 6 -3 -5 -6 -10 -11 -1
right_child=1 2 3 4 8 -7 -8 -9 9 10 -12 -13
leaf_value=-0.069536412791943877 -0.032090858244975914 0.040439775386578634 -0.02760885547428811 0.016984110425973978 -0.023629739288686617 0.058219028002735998 -0.017687393874851971 0.058236030298700094 -0.011543957576353056 0.036471887767818893 -0.002011409843650521 -0.043895709312417812
leaf_weight=7.6443166583776456 4.3189781904220572 5.5313732624053937 5.7757825702428809 5.7808292955160159 4.643908545374873 6.5576641410589209 3.5583098381757736 4.3526241183280945 4.9177163541316977 4.6350513398647282 4.1102667301893243 5.0400084257125854
leaf_count=34 21 31 31 31 22 38 21 23 25 25 20 21
internal_value=0 0.217933 0.292401 0.108999 0.243273 0.693448 0.353698 0.694061 -0.00625185 0.152253 0.367698 -1.18697
internal_weight=0 54.1825 49.8635 34.2162 28.4404 15.6473 9.08968 10.1335 18.3069 13.663 8.74532 12.6843
internal_count=343 288 267 177 146 90 52 54 92 70 45 55
shrinkage=0.05


Tree=16
num_leaves=13
num_cat=0
split_feature=9 5 5 6 5 7 7 5 7 6 7 7
split_gain=18.6288 3.12687 3.40988 3.97149 3.71732 2.72894 2.95124 1.60663 1.21431 1.56314 0.781179 0.55342
threshold=1.0000000180025095e-35 2051.0000000000005 3403.0000000000005 1923.0000000000002 2952.0000000000005 107.50000000000001 132.50000000000003 4337.5000000000009 158.50000000000003 1601.5000000000002 136.50000000000003 207.50000000000003
decision_type=8 2 2 2 2 8 10 2 10 2 10 10
left_child=10 -2 3 4 -3 -4 7 -7 -8 11 -1 -10
right_child=1 2 5 -5 -6 6 8 -9 9 -11 -12 -13
leaf_value=-0.067636114374990897 -0.030097275161871002 -0.013542968013975859 -0.025873957712080127 0.064052939810374285 0.051929727738319942 0.016267131490014092 -0.022249233050974537 0.056865078043498898 0.0081344881514121142 -0.013606722376671135 -0.042092849388921355 0.034106605268873137
leaf_weight=7.4705499857664091 4.3733514100313178 5.4768765270709974 5.8528480827808371 6.30190885066986 3.5883483439683914 5.735034644603731 4.6843708902597454 4.2376179546117783 4.1341395229101163 5.4071426391601554 4.9942556619644165 4.0706257820129395
leaf_count=34 21 30 31 39 21 31 22 23 22 28 21 20
internal_value=0 0.208567 0.280192 0.671335 0.247471 0.104037 0.232716 0.670363 -0.0058294 0.1453 -1.14803 0.4204
internal_weight=0 53.8623 49.4889 15.3671 9.06522 34.1218 28.2689 9.97265 18.2963 13.6119 12.4648 8.20477
internal_count=343 288 267 90 51 177 146 54 92 70 55 42
shrinkage=0.05


Tree=17
num_leaves=13
num_cat=0
split_feature=9 5 5 6 5 8 7 7 7 7 6 7
split_gain=17.1239 2.82118 3.17825 3.8262 3.45141 2.51792 3.8624 2.59866 2.10621 1.09835 3.65487 0.766438
threshold=1.0000000180025095e-35 2051.0000000000005 3403.0000000000005 1923.0000000000002 2952.0000000000005 330.00000000000006 101.00000000000001 132.50000000000003 115.50000000000001 166.00000000000003 1601.5000000000002 136.50000000000003
decision_type=8 2 2 2 2 10 8 10 8 8 2 10
left_child=11 -2 3 4 -3 -4 -7 8 -8 -9 -11 -1
right_child=1 2 5 -5 -6 6 7 9 -10 10 -12 -13
leaf_value=-0.065882840669587134 -0.028261135707935717 -0.012782142474530054 0.03706448170538728 0.06321466092872631 0.050762710232076513 -0.043715598089534048 -5.8726213830706173e-05 -0.024263864924013296 0.049548834925308802 0.029083940682615658 -0.03061555582315964 -0.040384135680334776
leaf_weight=7.2904665768146497 4.4232813715934745 5.5118041187524778 5.1791489124298087 6.0720292031764975 3.4898190051317215 4.4363307058811214 3.6841074973344812 5.1047891080379459 5.1039337962865838 6.1015851646661758 4.4215259552001953 4.9465196281671524
leaf_count=34 21 30 30 39 21 23 20 24 27 31 22 21
internal_value=0 0.199695 0.268597 0.650859 0.237068 0.09928 -0.0159644 0.139996 0.575049 -0.104648 0.0799966 -1.11151
internal_weight=0 53.5284 49.1051 15.0737 9.00162 34.0314 28.8523 24.4159 8.78804 15.6279 10.5231 12.237
internal_count=343 288 267 90 51 177 147 124 47 77 53 55
shrinkage=0.05


Tree=18
num_leaves=14
num_cat=0
split_feature=5 5 5 5 5 8 5 7 7 6 6 7 5
split_gain=5.25008 3.84326 2.19121 3.03805 4.08614 3.32473 3.03642 3.64693 2.80457 1.92832 1.68056 0.695453 0.666571
threshold=1921.0000000000002 2591.5000000000005 2952.0000000000005 3336.5000000000005 3609.0000000000005 330.00000000000006 4194.0000000000009 112.50000000000001 132.50000000000003 1721.5000000000002 1438.5000000000002 104.50000000000001 8076.0000000000009
decision_type=2 2 2 2 2 8 2 8 10 2 2 10 2
left_child=-1 9 -3 11 -5 -6 -7 -8 -9 -2 12 -4 -10
right_child=1 2 3 4 5 6 7 8 10 -11 -12 -13 -14
leaf_value=-0.055368692382471697 0.010452651523573324 -0.034519343422619718 0.014633897321235321 -0.047275990195162237 0.040368690714457117 0.023948210233913025 -0.054280816477251775 0.030732289990964036 -0.01687518111998712 0.060866043370856354 -0.038701218758074425 0.046266762561102293 0.008051954999940299
leaf_weight=4.320933759212493 3.9039725810289374 5.0185358449816695 3.4057968556880942 5.0109703242778769 4.649968482553958 7.075758725404742 4.4328972101211574 4.4730499088764217 4.8967455327510816 3.6893965974450111 4.825692117214202 3.5471690446138382 5.9293204694986343
leaf_count=20 20 28 21 25 27 36 23 24 24 22 23 21 29
internal_value=0 0.0333709 -0.06151 0.00390371 -0.0990637 0.0178372 -0.098221 -0.264524 -0.0836619 0.698941 -0.283228 0.615438 -0.0644571
internal_weight=0 60.8593 53.2659 48.2474 41.2944 36.2834 31.6335 24.5577 20.1248 7.59337 15.6518 6.95297 10.8261
internal_count=343 323 281 253 211 186 159 123 100 42 76 42 53
shrinkage=0.05


Tree=19
num_leaves=14
num_cat=0
split_feature=9 5 6 7 5 7 7 5 2 7 5 7 7
split_gain=15.4879 2.31055 2.96955 5.08496 3.2401 3.50245 2.32468 3.30885 4.53482 1.2805 1.24934 0.751639 0.320021
threshold=1.0000000180025095e-35 2051.0000000000005 1628.5000000000002 150.50000000000003 6520.0000000000009 132.50000000000003 113.50000000000001 3845.5000000000005 1.0000000180025095e-35 200.50000000000003 4652.5000000000009 136.50000000000003 112.50000000000001
decision_type=8 2 2 10 2 10 10 2 2 8 2 10 8
left_child=11 -2 4 12 5 6 7 8 -3 -6 -5 -1 -4
right_child=1 2 3 10 9 -7 -8 -9 -10 -11 -12 -13 -14
leaf_value=-0.063883097394216035 -0.024632966909106341 -0.016823079947892582 0.044396548991865702 0.0208469892995405 0.010088340818580628 -0.039943306559750195 0.03912536475835092 -0.042605422479586277 0.053438869212652111 0.04803522700776415 -0.018365876905880239 -0.03837073505269345 0.064824473312735234
leaf_weight=7.0571636706590635 4.5166239738464347 5.7150619700551086 2.992516592144967 4.2044926285743696 4.3341735899448368 5.7083938419818869 3.9115520715713492 4.0315156131982794 3.8391313180327415 4.5643396824598321 3.9297597408294678 4.8856881856918335 5.3354976251721391
leaf_count=34 21 29 21 23 24 27 23 21 23 23 20 21 33
internal_value=0 0.191473 0.255097 0.60041 0.0780285 -0.118697 0.103205 -0.0923773 0.228201 0.591051 0.0380552 -1.06893 1.14968
internal_weight=0 53.0831 48.5664 16.4623 32.1042 23.2057 17.4973 13.5857 9.55419 8.89851 8.13425 11.9429 8.32801
internal_count=343 288 267 97 170 123 96 73 52 47 43 55 54
shrinkage=0.05


end of trees

feature importances:
Column_7=73
Column_5=60
Column_6=38
Column_9=19
Column_1=15
Column_10=12
Column_2=11
Column_8=7
Column_4=2
Column_0=1

parameters:
[boosting: gbdt]
[objective: binary]
[metric: auc]
[tree_learner: serial]
[device_type: cpu]
[data: ]
[valid: ]
[num_iterations: 100]
[learning_rate: 0.05]
[num_leaves: 31]
[num_threads: 0]
[max_depth: -1]
[min_data_in_leaf: 20]
[min_sum_hessian_in_leaf: 0.001]
[bagging_fraction: 0.8]
[pos_bagging_fraction: 1]
[neg_bagging_fraction: 1]
[bagging_freq: 5]
[bagging_seed: 3]
[feature_fraction: 0.9]
[feature_fraction_bynode: 1]
[feature_fraction_seed: 2]
[early_stopping_round: 0]
[first_metric_only: 0]
[max_delta_step: 0]
[lambda_l1: 0]
[lambda_l2: 0]
[min_gain_to_split: 0]
[drop_rate: 0.1]
[max_drop: 50]
[skip_drop: 0.5]
[xgboost_dart_mode: 0]
[uniform_drop: 0]
[drop_seed: 4]
[top_rate: 0.2]
[other_rate: 0.1]
[min_data_per_group: 100]
[max_cat_threshold: 32]
[cat_l2: 10]
[cat_smooth: 10]
[max_cat_to_onehot: 4]
[top_k: 20]
[monotone_constraints: ]
[feature_contri: ]
[forcedsplits_filename: ]
[forcedbins_filename: ]
[refit_decay_rate: 0.9]
[cegb_tradeoff: 1]
[cegb_penalty_split: 0]
[cegb_penalty_feature_lazy: ]
[cegb_penalty_feature_coupled: ]
[verbosity: 0]
[max_bin: 255]
[max_bin_by_feature: ]
[min_data_in_bin: 3]
[bin_construct_sample_cnt: 200000]
[histogram_pool_size: -1]
[data_random_seed: 1]
[output_model: LightGBM_model.txt]
[snapshot_freq: -1]
[input_model: ]
[output_result: LightGBM_predict_result.txt]
[initscore_filename: ]
[valid_data_initscores: ]
[pre_partition: 0]
[enable_bundle: 1]
[max_conflict_rate: 0]
[is_enable_sparse: 1]
[sparse_threshold: 0.8]
[use_missing: 1]
[zero_as_missing: 0]
[two_round: 0]
[save_binary: 0]
[header: 0]
[label_column: ]
[weight_column: ]
[group_column: ]
[ignore_column: ]
[categorical_feature: ]
[predict_raw_score: 0]
[predict_leaf_index: 0]
[predict_contrib: 0]
[num_iteration_predict: -1]
[pred_early_stop: 0]
[pred_early_stop_freq: 10]
[pred_early_stop_margin: 10]
[convert_model_language: ]
[convert_model: gbdt_prediction.cpp]
[num_class: 1]
[is_unbalance: 0]
[scale_pos_weight: 1]
[sigmoid: 1]
[boost_from_average: 1]
[reg_sqrt: 0]
[alpha: 0.9]
[fair_c: 1]
[poisson_max_delta_step: 0.7]
[tweedie_variance_power: 1.5]
[max_position: 20]
[lambdamart_norm: 1]
[label_gain: ]
[metric_freq: 1]
[is_provide_training_metric: 0]
[eval_at: ]
[multi_error_top_k: 1]
[num_machines: 1]
[local_listen_port: 12400]
[time_out: 120]
[machine_list_filename: ]
[machines: ]
[gpu_platform_id: -1]
[gpu_device_id: -1]
[gpu_use_dp: 0]

end of parameters

pandas_categorical:null
